3 0.917220 0.458977 0.020003 0.021469
2 0.219118 0.339948 0.011507 0.019087
0 0.120325 0.655577 0.020921 0.015508
5 0.320631 0.587539 0.072177 0.013123
2 0.385504 0.560728 0.015691 0.019087
4 0.470121 0.781865 0.017783 0.017893
1 0.698790 0.574357 0.012552 0.022664
1 0.503133 0.558840 0.008779 0.006144
2 0.360865 0.261963 0.005267 0.005974
4 0.341697 0.842804 0.007459 0.008373
4 0.101975 0.449134 0.008672 0.008657
4 0.239431 0.489596 0.014617 0.012042
4 0.310598 0.502261 0.010243 0.008342
0 0.620326 0.457466 0.015061 0.016917
