5 0.384835 0.118355 0.255315 0.015613
3 0.907691 0.349576 0.084166 0.024181
4 0.386503 0.346666 0.038735 0.030817
2 0.105315 0.415140 0.023702 0.031526
1 0.417532 0.685380 0.036042 0.022374
0 0.237013 0.156152 0.075736 0.049167
4 0.797498 0.131283 0.038491 0.026676
2 0.596148 0.798951 0.024307 0.017520
1 0.644695 0.775187 0.017550 0.010475
1 0.683604 0.749052 0.017178 0.011144
1 0.724386 0.721146 0.013219 0.008272
1 0.709050 0.730940 0.015535 0.009175
1 0.696432 0.739792 0.014734 0.008972
1 0.748855 0.890062 0.010843 0.007450
1 0.410522 0.911374 0.013470 0.015041
4 0.769701 0.272999 0.036652 0.022059
