2 0.671136 0.689332 0.026483 0.031886
5 0.426421 0.908183 0.090797 0.017236
2 0.681381 0.783175 0.029922 0.025820
0 0.778747 0.689612 0.043039 0.045892
1 0.745295 0.596335 0.042109 0.040435
3 0.755930 0.336079 0.030764 0.057687
4 0.635769 0.425666 0.043221 0.055761
2 0.106820 0.382070 0.021646 0.049233
0 0.667381 0.516809 0.039729 0.045085
2 0.643732 0.717034 0.014670 0.020862
1 0.938039 0.489253 0.017665 0.020815
2 0.936256 0.457274 0.015582 0.033567
1 0.891533 0.473474 0.026950 0.016936
1 0.881562 0.464516 0.025541 0.014045
2 0.935945 0.346955 0.012735 0.031198
1 0.359935 0.503598 0.014162 0.019454
1 0.578636 0.715775 0.011238 0.021507
