5 0.907681 0.356010 0.012851 0.050197
1 0.282144 0.455091 0.012299 0.017890
4 0.489571 0.605724 0.021012 0.036260
4 0.842917 0.816386 0.024285 0.040247
2 0.573412 0.882377 0.028890 0.011316
5 0.100885 0.835667 0.014749 0.051817
3 0.519641 0.937702 0.020440 0.024378
1 0.726647 0.705777 0.018542 0.015240
0 0.511258 0.376212 0.027401 0.021046
2 0.549389 0.195663 0.013643 0.022263
3 0.460960 0.060223 0.027990 0.025975
1 0.673934 0.118368 0.017791 0.010937
0 0.849607 0.055789 0.029292 0.022297
4 0.546849 0.385720 0.014843 0.022414
