5 0.280961 0.250636 0.040718 0.045319
0 0.211885 0.267003 0.024812 0.022325
0 0.184917 0.268656 0.023471 0.026195
2 0.366669 0.196670 0.010760 0.011692
4 0.360180 0.442261 0.011997 0.014835
3 0.413984 0.866995 0.019628 0.030079
5 0.886205 0.275995 0.102663 0.017793
4 0.617366 0.560906 0.018905 0.017957
0 0.884063 0.409648 0.021147 0.037422
0 0.568602 0.556679 0.020407 0.023012
0 0.669244 0.134277 0.016527 0.015809
0 0.668189 0.118162 0.015837 0.014540
1 0.716350 0.145660 0.009341 0.017185
1 0.413783 0.856209 0.021123 0.007943
