2 0.632397 0.167065 0.019497 0.015580
5 0.942155 0.509657 0.011374 0.085515
2 0.431396 0.514433 0.023637 0.031269
1 0.606199 0.402066 0.024681 0.015842
1 0.335357 0.254250 0.023497 0.014726
1 0.640969 0.182054 0.014760 0.010164
0 0.798075 0.045759 0.017647 0.020730
3 0.112591 0.547756 0.022495 0.018388
2 0.119115 0.454890 0.009823 0.020551
1 0.194743 0.569559 0.012134 0.013926
4 0.571199 0.715437 0.027618 0.019469
1 0.916994 0.765123 0.010956 0.016155
2 0.848876 0.885026 0.014835 0.016939
0 0.890778 0.897663 0.021864 0.024298
1 0.464262 0.649290 0.029484 0.009963
2 0.808061 0.046428 0.015355 0.018571
1 0.132917 0.676753 0.012476 0.018571
1 0.504798 0.802928 0.011516 0.015294
